-1.25
-0.8970588235294119
-0.544117647058824
-0.19117647058823603
0.161764705882352
0.5147058823529401
0.8676470588235279
1.2205882352941162
1.573529411764704
1.926470588235292
2.27941176470588
2.632352941176468
2.9852941176470558
3.338235294117644
3.6911764705882324
4.04411764705882
4.397058823529408
4.7499999999999964
5.102941176470583
5.455882352941172
5.80882352941176
6.161764705882348
6.514705882352936
6.8676470588235246
7.2205882352941115
7.573529411764701
7.926470588235288
8.279411764705875
8.632352941176466
8.985294117647053
9.33823529411764
9.691176470588228
10.044117647058815
10.397058823529404
10.749999999999993
11.10294117647058
11.455882352941167
11.808823529411757
12.161764705882344
12.514705882352931
12.86764705882352
13.220588235294109
13.573529411764696
13.926470588235285
14.279411764705872
14.632352941176459
14.985294117647049
15.338235294117636
15.691176470588223
16.044117647058812
16.397058823529402
16.74999999999999
17.102941176470576
17.455882352941163
17.80882352941175
18.161764705882337
18.51470588235293
18.86764705882352
19.220588235294105
19.573529411764692
19.92647058823528
20.279411764705866
20.632352941176457
20.985294117647044
21.33823529411763
21.69117647058822
22.04411764705881
22.3970588235294
22.749999999999986
23.102941176470573
23.45588235294116
23.808823529411747
24.161764705882334
24.514705882352924
24.867647058823515
25.2205882352941
25.57352941176469
25.926470588235276
26.279411764705863
26.632352941176453
26.98529411764704
27.338235294117627
27.691176470588218
28.044117647058805
28.39705882352939
28.749999999999982
29.10294117647057
29.455882352941156
29.808823529411743
30.16176470588233
30.514705882352917
30.86764705882351
31.220588235294098
31.573529411764685
31.926470588235272
32.27941176470586
32.63235294117645
32.98529411764704
33.338235294117624
33.69117647058822
34.044117647058805
34.39705882352939
34.74999999999998
35.102941176470566
35.45588235294115
35.80882352941174
36.16176470588233
36.514705882352914
36.8676470588235
